11541
63762
55668
16422
64187
72788
77368
37851
78238
56745
52462
83145
51736
37272
31512
81176
45612
18766
64115
35662
14262
58857
41568
78784
77634
22445
82558
28718
51741
66821
11233
37651
27483
68764
47156
23716
86536
55273
34757
83576
64222
65217
35465
57853
66333
82356
66436
76436
52116
11516
32126
66646
11648
86843
55526
14386
25636
16427
66342
72336
88657
76651
81253
77127
15822
87544
12247
55477
14241
84612
85141
28476
87535
16456
24461
18524
46672
71668
31733
55132
82466
15257
35723
75413
58873
58216
52425
67757
17822
52481
18635
84178
28253
43631
18557
46733
58852
37727
67481
13354
25837
11378
24263
15811
53276
57628
73758
41412
17621
36661
22523
53333
44441
22714
66465
62761
54758
36644
61135
14612
17136
74312
15277
34631
28771
71112
61222
42783
34426
72673
16147
47615
85426
42738
62647
33312
68564
78418
56168
63573
57152
17555
36333
33733
26484
31875
65742
37877
83566
31462
32516
38635
88711
78553
41538
27182
54526
44233
13643
63111
62136
33865
43286
55248
23885
81554
61646
64431
77867
81213
32833
35116
72155
76515
65445
38834
83687
63543
41164
77536
48138
64717
21788
16638
86852
46577
24677
45345
66748
52646
85278
36467
35142
35252
41818
62767
88436
86265
23481
47446
83185
41378
36582
28317
73637
61518
37634
13632
16447
57785
24131
47116
12773
65461
12264
23325
62272
83138
23326
13458
63876
84254
88586
17577
57616
85286
78327
54273
18654
85156
22286
76166
42865
72364
42383
77867
44346
48548
86823
87278
35263
74215
16747
42477
75742
15757
25262
71168
43372
85348
62316
16352
36625
74558
56283
21464
58851
58862
66556
32877
74275
72881
67564
11271
47183
33631
66862
47674
77663
68642
65316
85368
41614
16888
32668
51371
84168
46472
31626
28751
11155
76846
55447
55861
56415
23652
81815
54153
81827
66171
58418
22866
54636
74547
61621
32358
43814
83711
18643
44758
73536
73441
51225
54786
31181
46825
14758
86178
56553
63332
67884
54458
44382
34667
47636
41327
52227
77465
87748
82316
61462
42541
35833
42447
71238
13314
27133
65121
44683
86885
55212
81416
14255
13367
42852
81148
16433
71315
12112
41818
56812
78384
55486
66187
85311
55772
78253
51837
38267
85672
35428
12383
41524
68448
85274
74613
84747
63881
84463
85354
58745
66314
26663
43214
21353
37861
82283
86516
82525
87582
53882
31743
14216
66534
65775
84652
44621
57653
86776
76465
42638
53427
44535
21265
12456
64725
66111
82263
53586
62415
41683
38156
12381
74577
86728
25362
13225
71133
47757
16351
13557
53836
66888
76767
14448
42147
84886
24778
17152
84157
46162
78536
71466
47486
46444
43772
44713
48431
78746
85838
22181
84276
73112
66261
13212
45874
34873
56285
42165
81842
78875
78282
62672
11464
57572
21816
65387
17746
12761
64366
68485
51831
88413
44516
56814
77468
65645
44432
67848
54583
83113
34811
46885
51735
73416
11717
64421
75565
31638
33437
83677
35611
34477
35832
22252
55181
22112
31136
78572
64357
87435
48333
64322
62247
81386
51331
11127
55776
53251
67364
88576
26185
35172
54716
18888
51751
68418
66261
32566
45878
88632
27834
41336
66516
53348
56531
53738
14644
87388
33784
53678
65123
42852
21643
38271
43347
57678
72834
37782
36427
11811
68322
56285
28115
76785
25213
43317
36836
88882
28555
53522
45171
34321
26647
51514
24366
85662
56187
42358
64673
54782
68663
37676
35651
54778
13278
88138
82646
76431
46435
87514
46162
76477
22182
57357
44367
71722
58475
36735
43443
11532
34565
75647
25164
64256
85824
63636
83148
28427
32757
46573
74362
36268
28173
53183
66151
76663
45545
28358
25133
45278
44484
61434
65285
31721
14165
78625
42161
15753
84366
11453
44541
56468
75118
65265
35878
38122
76356
27433
82462
87445
28423
51356
22713
64858
52452
87485
41278
15727
78737
26245
16682
26334
71332
84237
76378
15331
13643
64627
21885
37277
12616
74312
71486
47418
71263
84287
45544
88128
51855
64542
75444
86342
31731
82285
51348
24367
64221
28513
16174
24282
63257
76821
67461
37868
42345
21173
61368
53725
64183
75554
17413
37622
11366
44852
62835
34767
38758
22478
35811
75157
83411
23776
22145
65764
64248
56773
71543
32511
76812
45756
52728
42332
53443
47253
16116
17157
81483
52215
85316
72384
17223
56175
66561
76225
31564
52388
43364
48218
67855
34216
86511
45873
43377
17468
13642
43358
72318
35422
86732
11644
67447
66261
35841
66816
83453
44267
11723
47327
43737
22482
57734
71164
87845
14821
34781
22751
57136
61628
48362
14467
88586
81221
44315
78385
83687
12233
36756
44774
88541
22315
28221
61548
44525
17731
22481
21432
42715
14252
81717
42861
52756
12525
41353
51748
84644
25881
53532
35714
13175
43733
71122
28273
56363
67422
46277
17515
67152
68641
64812
55285
45536
74252
37626
44725
47526
25654
31443
27627
85863
64687
34857
28125
84148
74627
22368
22558
67682
13365
34525
44642
46668
46245
75578
36784
88534
83671
63835
68726
66766
77875
16514
11276
68382
57746
62722
21753
66552
73647
61833
46786
68167
82552
54865
63467
66245
86367
18371
26615
74428
41356
58111
45466
48867
56333
43387
84218
73737
78425
57667
81238
38135
53427
52152
37855
48845
13588
52232
82174
42468
14124
38726
66165
88137
62356
63157
67427
27255
33286
42281
87333
78338
44166
25254
38338
32612
35688
75637
54615
62644
38367
88784
57578
28556
36855
81665
41346
64737
47485
57455
21845
34354
25424
63183
18576
57273
14675
17511
86255
55174
26154
24588
32425
48634
53376
34364
15683
37141
85324
78433
67215
81127
76166
51228
71232
33451
62488
33834
87858
22488
54748
56533
65182
52813
78565
14227
32858
75121
41536
62682
85241
57612
64272
33631
74641
83645
17226
85876
67663
55134
86351
68312
78388
85826
78687
41363
83433
64414
67877
58553
73434
37443
55643
63514
47357
43511
27588
21174
56128
45188
42811
62518
26583
25855
23338
26361
43538
16443
78723
82155
87557
88514
56826
35864
55745
54616
21245
62662
81227
66825
11668
42133
12788
78874
47615
68467
12758
21176
67272
14678
37174
56287
22715
24161
47387
76527
78474
82552
41362
13214
26816
55542
45267
63618
27257
37718
82576
63676
68515
67538
77515
16187
71837
47553
81465
86617
16124
33825
65521
88523
63434
87173
88837
84763
13247
46828
52561
22634
48557
32277
18172
41816
46711
64636
81163
14618
78181
65773
62628
84832
