11541
63762
55668
16422
64187
72788
77368
37851
78238
56745
52462
83145
51736
37272
31512
81176
45612
18766
64115
35662
14262
58857
41568
78784
77634
22445
82558
28718
51741
66821
11233
37651
27483
68764
47156
23716
86536
55273
34757
83576
64222
65217
35465
57853
66333
82356
66436
76436
52116
11516
32126
66646
11648
86843
55526
14386
25636
16427
66342
72336
88657
76651
81253
77127
15822
87544
12247
55477
14241
84612
85141
28476
87535
16456
24461
18524
46672
71668
31733
55132
82466
15257
35723
75413
58873
58216
52425
67757
17822
52481
18635
84178
28253
43631
18557
46733
58852
37727
67481
13354
25837
11378
24263
15811
53276
57628
73758
41412
17621
36661
22523
53333
44441
22714
66465
62761
54758
36644
61135
14612
17136
74312
15277
34631
28771
71112
61222
42783
34426
72673
16147
47615
85426
42738
62647
33312
68564
78418
56168
63573
57152
17555
36333
33733
26484
31875
65742
37877
83566
31462
32516
38635
88711
78553
41538
27182
54526
44233
13643
63111
62136
33865
43286
55248
23885
81554
61646
64431
77867
81213
32833
35116
72155
76515
65445
38834
83687
63543
41164
77536
48138
64717
21788
16638
86852
46577
24677
45345
66748
52646
85278
36467
35142
35252
41818
62767
88436
86265
23481
47446
83185
41378
36582
28317
73637
61518
37634
13632
16447
57785
24131
47116
12773
65461
12264
23325
62272
83138
23326
13458
63876
84254
88586
17577
57616
85286
78327
54273
18654
85156
22286
76166
42865
72364
42383
77867
44346
48548
86823
87278
35263
74215
16747
42477
75742
15757
25262
71168
43372
85348
62316
16352
36625
74558
56283
21464
58851
58862
66556
32877
74275
72881
67564
11271
47183
33631
66862
47674
77663
68642
65316
85368
41614
16888
32668
51371
84168
46472
31626
28751
11155
76846
55447
55861
56415
23652
81815
54153
81827
66171
58418
22866
54636
74547
61621
32358
43814
83711
18643
44758
73536
73441
51225
54786
31181
46825
14758
86178
56553
63332
67884
54458
44382
34667
47636
41327
52227
77465
87748
82316
61462
42541
35833
42447
71238
13314
27133
65121
44683
86885
55212
81416
14255
13367
42852
81148
16433
71315
12112
41818
56812
78384
55486
66187
85311
55772
78253
51837
38267
85672
35428
12383
41524
68448
85274
74613
84747
63881
84463
85354
58745
66314
26663
43214
21353
37861
82283
86516
82525
87582
53882
31743
14216
66534
65775
84652
44621
57653
86776
76465
42638
53427
44535
21265
12456
64725
66111
82263
53586
62415
41683
38156
12381
74577
86728
25362
13225
71133
47757
16351
13557
53836
66888
76767
14448
42147
84886
24778
17152
84157
46162
78536
71466
47486
46444
43772
44713
48431
78746
85838
22181
84276
73112
66261
13212
45874
34873
56285
42165
81842
78875
78282
62672
11464
57572
21816
65387
17746
12761
64366
68485
51831
88413
44516
56814
77468
65645
44432
67848
54583
83113
34811
46885
51735
73416
11717
64421
75565
31638
33437
83677
35611
34477
35832
22252
55181
22112
31136
78572
64357
87435
48333
64322
62247
81386
51331
11127
55776
53251
67364
88576
26185
35172
54716
18888
51751
68418
66261
32566
45878
88632
27834
41336
66516
53348
56531
53738
14644
87388
33784
53678
65123
42852
21643
38271
43347
57678
72834
37782
36427
11811
68322
56285
28115
76785
25213
43317
36836
88882
28555
53522
45171
34321
26647
51514
24366
85662
56187
42358
64673
54782
68663
37676
35651
54778
13278
88138
82646
76431
46435
87514
46162
76477
22182
57357
44367
71722
58475
36735
43443
11532
34565
75647
25164
64256
85824
63636
83148
28427
32757
46573
74362
36268
28173
53183
66151
76663
45545
28358
25133
45278
44484
61434
65285
31721
14165
78625
42161
15753
84366
11453
44541
56468
75118
65265
35878
38122
76356
27433
82462
87445
28423
51356
22713
64858
52452
87485
41278
15727
78737
